207
1753
1950
308
1980
669
1864
1814
1468
1500
1835
1310
1506
306
1854
1992
1269
1268
1830
1008
208
825
133
1965
1910
1657
139
794
1901
1816
244
1540
313
1848
848
753
1699
1645
1132
1921
1064
475
1926
264
326
880
1593
1799
745
1639
1006
603
517
1820
1221
205
634
638
1921
978
939
1048
1176
1132
891
1434
1629
1704
1983
1927
1281
615
1093
1960
1439
467
1668
886
544
1263
129
200
808
139
1837
1824
1409
1767
1296
1448
948
710
695
1426
731
156
1209
1881
1146
379
648
760
1135
1806
1328
1387
1354
213
1533
1340
1525
614
716
1087
818
1790
1116
1618
142
1808
1966
1116
1073
1952
1436
1145
602
941
231
411
1127
769
1892
1836
258
1036
814
1644
461
458
1035
1481
1064
1233
810
1691
1515
1652
1626
1132
222
1132
1783
1746
1083
340
1254
1377
779
1330
1706
330
1278
811
295
936
1498
1219
269
1579
606
1631
347
1106
1995
1051
414
758
1738
831
1624
536
1094
1210
117
1341
940
122
1316
647
573
1557
354
917
835
1005
668
1265
1871
472
912
530
717
1159
911
852
1351
917
723
1941
986
1121
1295
1837
163
366
1046
1038
1446
1393
1927
487
1310
1595
889
1869
1557
561
610
1839
1263
738
1609
1480
179
1017
1133
1203
440
1683
1468
1022
194
357
262
560
1747
932
537
958
1813
1769
1738
1039
1563
1320
832
1315
949
173
1688
1099
1879
1474
1716
382
781
1667
1983
1774
866
1686
750
800
486
1030
1979
482
507
1883
590
1524
1852
932
1164
330
1186
1975
1926
1912
1159
352
1030
1326
169
692
1632
925
573
170
1295
1892
535
378
401
397
1871
1675
1476
1126
305
1563
1732
159
805
1351
369
1725
939
915
880
1498
1716
1649
1627
1318
318
898
1694
1218
1517
1346
1373
1530
1503
1917
1330
381
343
1620
1618
1695
1085
1992
1313
1693
825
529
1847
1669
1483
795
218
1473
1618
495
934
1990
1129
1748
399
566
172
1426
1939
1154
1583
668
176
1015
1366
1196
654
823
740
1168
175
1939
171
1329
399
1029
1083
1974
1446
881
449
237
701
474
1306
1702
1113
1476
1445
1401
1352
137
250
439
568
1937
1470
495
660
1079
702
1670
1323
215
143
121
245
704
1663
1004
1884
578
964
958
1934
1756
995
237
303
1759
248
1605
1586
595
301
1142
1427
851
1542
281
1302
1868
526
1627
880
512
558
442
119
1786
1746
1897
1384
1912
1112
882
302
1362
142
1895
1847
598
663
839
853
310
1360
1272
803
343
898
1295
1288
381
130
1514
216
266
862
332
1052
1673
1299
1175
601
306
837
544
194
523
1673
1548
1613
1961
1607
605
1523
1394
1281
1538
106
1545
1074
637
633
1169
1779
1698
256
1902
665
776
632
569
1637
339
482
801
376
404
249
107
1613
1056
933
921
1596
965
1827
296
1202
1710
1341
1526
655
889
1962
1067
1111
1635
515
1837
432
1153
635
682
1489
1952
1186
1548
1707
330
457
1294
643
220
1263
371
1864
1381
628
1431
201
997
714
337
353
533
466
900
175
1318
1904
1375
211
1574
259
1308
1236
1823
652
807
1707
655
462
1424
1750
1538
1296
1775
1796
1201
1028
1225
670
676
1664
854
1479
172
252
292
883
752
621
1219
528
1046
352
757
1326
1330
1337
336
187
104
733
1438
1877
1250
1320
1538
606
276
1689
1211
845
1747
592
766
982
1985
474
711
1077
103
997
1124
1419
170
1566
143
1567
1561
425
1310
1321
1367
172
1274
462
1718
1060
194
288
1091
1112
1211
1945
341
1512
1256
1593
1299
1501
727
892
1723
1335
1362
1055
1431
581
378
1299
367
851
697
1921
1870
541
451
288
1901
1182
406
1241
1625
1090
521
454
809
1612
271
1558
788
994
1909
1868
1796
732
1194
1451
1592
1661
1106
475
1250
1301
1204
1862
1456
1551
497
555
652
1245
1348
1809
650
125
802
496
361
1475
805
1965
971
152
585
1333
599
878
219
1482
1851
1583
1457
1135
714
267
1132
1448
881
794
1039
626
326
1980
1043
1372
927
1461
865
725
163
1104
133
318
416
492
1497
1016
649
626
1665
297
733
256
1578
1599
1669
1143
1261
419
1925
1836
655
1834
1608
1480
1566
1135
1223
152
1995
1369
1404
1039
239
749
1299
1248
1331
953
1732
1845
1028
707
729
1214
467
398
859
283
1770
1477
1826
1924
1843
142
524
1756
989
499
1876
580
1421
1532
1608
1673
1091
462
1206
303
848
167
1649
164
115
397
146
954
541
1336
191
1688
1463
1189
938
1045
979
1672
495
1374
1815
673
500
1766
185
1541
1297
1361
880
377
1640
1484
1677
981
1480
218
842
1519
132
1360
435
1596
1017
1457
1884
733
1890
1206
806
768
1020
796
426
600
1921
522
1825
861
663
1548
709
1962
1037
601
1392
122
283
767
415
1795
744
1300
1739
1240
392
112
1301
1875
384
553
114
181
1017
249
194
820
749
850
1996
172
524
591
615
768
493
1364
450
576
1619
766
1610
599
1774
401
107
588
1667
1552
1875
1486
1662
935
133
1844
284
139
1890
947
300
697
555
1664
873
849
392
1144
1565
1208
837
1793
975
1658
120
527
1041
1439
1357
887
511
655
387
404
1795
1945
1981
1025
1095
857
240
1264
399
1357
1384
787
1935
1157
1711
1914
813
1002
1561
1337
1589
1826
609
1834
1814
959
302
1699
1680
158
1722
1769
357
907
1652
1727
720
