2583824347
8037912066
6389240958
5017940120
9042584801
2557250766
7538395532
2585577703
9827948866
8890010943
4020550280
2509382778
6094819657
2214161367
7949981296
8955115873
3264462866
8569527163
5941789124
6953355391
3864399423
2579892662
9168011348
4880745800
3244790653
3303633859
7894096601
9268222064
4365057912
9749760291
5123412902
6011129974
3834872346
2393338670
6018712757
2616334387
9475197566
8226727548
4018776811
2758518900
2921431670
9615636856
7075172222
6735292632
8936908753
6814223302
4232146975
2222382663
9438246474
8191726921
8650016255
4683674259
9744900612
6303348965
5897827618
6927222718
8107372644
4590026531
8147380882
4381370190
8070122869
9838137540
4445315859
3380795175
7890180398
7448162290
9115599708
3668292846
9252827601
6653452002
9137918878
5370825545
9307470990
5619146939
3391776815
7267337579
3898553741
3117665434
2851345387
5889961152
4225800649
6132166275
7132311668
4628383746
7911706651
2785578456
3978657134
5397532440
8752659339
3030712990
4522062940
9620158567
7450605401
6016949179
6009101346
2994254288
3905371920
7417960306
9107824930
7547789535
7221580181
9684699263
4534854786
8877799559
6435305538
6569165118
9728706977
3532573419
2745036010
4762026650
5409401863
4327818878
6307544504
5345780592
2682405247
5675451838
4826352121
7483708124
3521874846
7258324997
2273255456
6061355307
7065754638
5408477344
7836513319
3924854412
4747070729
6418272183
4511307498
8977341526
5756997722
9678905836
7992219535
8477572304
9496511329
9133608901
4951264236
5900034474
5919049918
2591683414
3617592388
3051628010
8355185242
2200039127
5623278061
5075367766
4170709041
7651673168
6201973794
7914930961
8271004827
4029615249
6092656008
9922497422
6608993407
8137467973
8433777273
9755928105
5812876086
6821203864
4851641269
3468851008
4015962310
2020123302
4108177185
4956796023
2494416843
8268146242
2348448869
2849475287
5371454459
5618689338
3731987352
6953094662
9817263493
2181154392
3472877049
4059938803
5694857201
7460038326
5930466607
8773781256
2428536949
7210482208
3556053006
5223788039
8374722182
9406404645
3097273439
6212175518
3328974568
9614525097
9757015552
5441072641
7550387755
8474161012
6097504621
9947987769
7460883977
2279020669
4568169317
2854400522
5537699905
6786844140
2018907576
6763241420
8311264267
6216442159
6749432844
9738732316
8536482291
6660236882
6013235812
2374403125
2562918763
2021040057
4870124961
3237292724
4558726824
4654073971
8519766157
8169094635
6115213730
6772131227
8308425979
4971358029
9005534941
5111711943
7618171176
2140768004
7002918759
8157567895
4062532188
7287759811
6613178555
2844501176
3933828266
3121102068
9022227772
4544755014
2466199023
9108838421
9300879915
2940476715
6887102246
5112117328
8385797092
2580393790
6249921348
3510460180
2075881887
7444797948
7032623757
5464801798
7288749676
9704348391
3232804963
9679766837
6492311882
7684662697
8690467843
6898082661
7460940592
5618965224
3498711091
9034854255
9677570222
9015297420
3478672454
7273871684
8555916646
3464749596
5913385256
5417120963
8100840158
2912746786
3207390382
5656119424
8616248078
8791070976
4688432653
3008789471
9552486422
5216343429
8025227967
4462105939
7267780378
4800988488
9919785606
6132717135
6779889839
6371267046
5424175562
9432393558
8873378890
4243118353
3899829831
9072335658
8205166136
8953412199
2713914538
3881078311
8568400317
3757837252
8102767568
6941866921
9553297359
5072212963
9708820897
7517355944
9023230827
3214941807
8411480916
4127586529
4217965331
8751025191
6788613711
8370152880
3084026638
7483911154
5528707349
9865944697
5334252654
2758959504
7770271094
9078207134
2896518750
3450905330
8696402624
7190863720
4463707839
2445307706
2071846430
9301347496
2877085762
6356622298
7832709687
7204816800
7230529987
5940402067
2092014074
6092251217
3388775814
7530916476
9892382321
2469903731
3500010241
5292444737
4974421368
7681080403
3173370680
8842153335
5860873391
3078941230
5807864635
3905575673
7692549386
5109252664
6262357808
2434673057
4079467944
3356701197
3475838456
6248840042
9346097338
6417983794
3312701333
8316565918
3522662431
2819296714
7289444933
5503082914
8487599646
9628850231
7625315008
3432017111
7404960892
3592620218
7672365841
2168995925
5290864001
9276203642
8706546059
4837327620
3159399113
2457847996
4199471569
5210007000
2197871284
9576571437
7101813707
6697286010
6687198275
7352313257
5384163544
6281351392
2358839170
7840230658
7790169839
4917610621
2559841717
5661780257
4521035187
6645823072
7652948111
4530076014
3348737296
8753722827
3547370426
2893759362
3429406970
5196259106
5428524403
2075015746
5259229715
2397465949
6021638654
2692939544
8126025115
9486076810
5305408587
8960488726
6217849579
5132457215
3304616214
4508168784
8988700428
2487139374
6781696354
2769494200
3825566216
4436281109
3902184097
7436012888
4701728000
8041570827
2186576440
6164430329
9243389241
9827286192
2748176109
2071330669
7827870621
8550744159
5555147837
3514481274
7634137658
6924153082
4418767536
6605737896
4552570573
4621365280
8997982299
8704620435
9460401324
4996515915
6429105418
9292116361
3404782858
9904836742
8506615167
4517792461
4024610029
2455363125
8471451494
5969342936
4044596955
7032971866
5290326443
7693664919
2101953928
7586704348
8466259894
7969301375
8155459274
7500941342
7238101771
5285720658
3125535182
6852744775
2482432563
3912536315
5447125829
3694452669
5725072427
2948265102
6446501096
6747500203
2976279777
5757346823
6522047470
3956614758
6652697065
4381282672
7485028650
3384470554
6971455813
9630350819
6126152281
3947880612
9639060521
7585972035
2329770412
5258898177
5188483898
6654092344
8551658885
8958600992
9933226238
8740166404
2559037431
6393221485
5756091286
4279484956
7596820204
6517805692
8297251440
9680550130
2810910529
3972668384
8419945746
2074826773
3145088606
7692372087
7035099641
2524643016
7488348123
8765923232
6270147007
6961245875
7524304934
3509801461
2980836974
2514851201
2186891942
8277781711
3111744668
6507693738
8948381547
3674571237
3589295653
5075769247
6748425562
9681612376
8280617939
8863342004
6801065131
5510325274
9283796316
7303857661
9837238594
8691383372
2799805250
7477137815
9532177243
6833115389
3948078872
3856641828
2274301767
5925355392
8071657264
9094555821
8099374153
4389794448
2994512466
4279813854
6378810512
9124669832
3337502898
4288874605
9280766855
3002785927
7739035092
6148555615
6676610587
7012353382
9487925546
4753605048
3529531976
4202430444
9282593632
7662819115
6628775140
8158396783
7482666061
9436635679
9094057495
8774981058
5022359583
6609065670
8552893456
5095150515
9961917288
5397206223
9246005096
3905410931
4167766315
5107469013
9779603307
3557953584
8996066813
9585635370
6386998629
7505730859
9697147733
7370712611
9441972138
8425912919
6448767229
9269943805
8342294420
6577214270
5901123322
4319406481
6730219716
7450970929
4853357851
3177603782
8288129191
8105506772
8571338891
9802705151
6140149789
8103183265
9390697493
3981058176
5729600358
6986554339
7943627847
5970456892
4924986428
3793786339
8206738265
2990280843
6056066534
2186152096
2117594773
2004946303
7410249264
3731958980
6030287821
9827075530
2791162402
2438868641
9849227220
9671513933
6738847581
2495438759
8767677523
5363901280
3863496750
9435932962
6856000484
5399757398
4706582713
8461757511
8533718005
6790299611
8536643076
3691804488
7965119379
5205171045
2419407236
4892361491
6376740108
7127406653
2726476549
5511539207
9410620374
9253943601
8076883051
5107754715
6179756984
4143089093
3091295410
7277505312
8889660342
6893704627
3194259534
3851361509
4249888447
9299940349
2258631779
2599928221
3519427018
3147672816
2792501753
8498944644
3668763034
3634891779
9160566188
6292908881
2705890547
4803045902
2246892796
3724185150
7523439057
6401683193
8449701967
6962547179
4730242752
4693829023
5054581430
6808193843
2308650269
9779833494
5289180948
3878168621
5883677779
6372876542
5694544732
5746906015
7281568519
5599587183
5861660030
9908118742
9656803590
2126351956
6786567308
9421700684
3788063481
3702831878
8386142726
7203775077
7130831596
7055370926
9462906467
9178095931
7336327041
6337580577
4092615620
8322123061
5156478529
7545204069
4559864756
8944449164
9752211106
9394644611
2628113407
7721168815
9545517146
5145634771
4495184593
2295351574
7180285816
8613066552
4707640012
2868883543
4279380827
3425743338
7761739910
4453418877
2897593399
8217926261
6387617615
4174061077
5945340312
7104476502
9366625990
8328197665
9238482162
7191927579
8913053030
2280493982
8640408266
4767708534
7755250756
5847988782
7899071831
8426932290
8593164467
4774368859
4258217935
2790736264
8421605275
6279904443
2976078127
2025344460
5954364795
3389576686
9545591801
8052934805
3518672542
9040399094
3373320731
5014582475
9595832138
3165884356
8475739044
2571997254
2047621185
4989462764
2965561958
4992704371
6676372985
2223482451
6022613672
6110348606
3470699484
8430551654
6134640421
4625008084
9254216632
3822794223
8537433367
5031424715
8825828565
4884766150
4336114138
9086593072
8018321059
9241094118
6969796067
3954949561
3174370021
8410396994
8389702684
9024332521
5522681333
4196929652
7916231912
5207700623
9836475867
2381747187
5619393490
5004501032
9282550537
6999859266
5366571749
8025387972
2652696709
3345710107
7366414698
2962884212
5522670126
2504766982
8559565885
5639965169
4441185808
8414486792
9844869228
8915612945
9152930005
7756622847
3788839212
4382831647
5683828440
3928876169
9588618494
3221586675
3892146779
7044274214
3693640449
4514916138
2627047493
9077833882
6291445518
3945496022
2367167070
5771280051
3835675002
8619659311
5587576735
6784092994
4671081596
7855236539
4902996378
8551643720
3700164447
6582817790
4923572551
9505955184
6356846954
6946293621
5485364936
6127546634
5944453681
7936286189
4587223604
2771687251
5772151700
5053123231
4678749397
9459641437
8093851048
8008493703
5484304665
9003730632
9167125011
5702883635
6006148043
7230889609
4339116675
4418492225
4538597318
5875168403
3394647520
7079368064
4881884035
8015265831
9732348716
8558275257
2175943761
3905902709
2936618477
9164524073
3624163570
2071069420
6075887094
3243321807
3434450598
3397056972
6355138574
2151928543
8322799548
7812754027
7402463670
9546694801
9488172039
9712412814
9027957398
5731898181
9234981127
3017151171
3974849395
4700758112
9942647027
7999051525
7435502478
5295665859
3545411656
6386835801
5502284608
4916696309
6242214498
9359454827
2328345678
6352271944
4272938986
3030932031
9072833324
2814815978
5896929300
8787473974
7493104236
3311664831
4726969445
6744958168
3280165127
2643427952
3369921803
5987284747
9433036950
2084241148
5840896314
8536814461
2345650589
3515528600
3737703007
8476865379
9121216088
7065210871
7676251768
8890239187
4840999714
6630626766
2902683004
4496335510
7538918278
8036777582
7750107153
6672929210
9651136812
4935410096
6467200045
6494053369
8880860869
2189376316
6280867998
9207314102
2599429085
6111612225
8687469622
6798355592
3212847155
6422583807
5277858308
5213544885
3695107014
7374208042
7843189995
7752772984
3862746962
2753233389
8923803455
7287573122
3852661480
9200963891
9327809664
9159323166
